87762
136393
165889
264562
346835
417682
509178
556505
583680
650348
743548
840760
911984
918809
985351
1031549
1094291
1192798
1212258
1289517
1361892
1434239
1531694
1580890
1672026
1702667
1767053
1816376
1892945
1940286
1960939
2029661
2078714
2108101
2171663
2258628
2346166
2361237
2396321
2481990
2539621
2571254
2653010
2700412
2752714
2802969
2898552
2909082
2974488
3016260
3099458
3102095
3196936
3248834
3317922
3413265
3465249
3512295
3564948
3639170
3716140
3767611
3816337
3836380
3917151
3968881
3983754
4058805
4116816
4171760
4185386
4281894
4329974
4377571
4430927
4497154
4550597
4638629
4706418
4793022
4828991
4892292
4943287
5019356
5032172
5120552
5147972
5237906
5303370
5347821
5402515
5436927
5476742
5526748
5572503
5584811
5664567
5747302
5774792
5845167
