87762
87762
87762
87762
87762
509178
509178
509178
743548
911984
985351
1094291
1094291
1094291
1361892
1531694
1672026
1767053
1892945
1892945
1892945
2078714
2166049
2340552
2390707
2390707
2390707
2647396
2647396
2797355
2797355
2797355
2797355
2797355
2797355
2797355
2797355
2797355
3388255
3487285
3487285
3691130
3791327
3791327
3929405
3929405
4077340
4077340
4077340
4077340
4077340
4077340
4077340
4077340
4077340
4659822
4659822
4845696
4972760
5073956
5191310
5191310
5191310
5390331
5390331
5525907
5525907
5525907
5525907
5798571
